OBJECTIVE:906.78
ROUTE 1 15 25 28 21 6 26 11 30
ROUTE 2 16 23 10 19 9 12 5 29
ROUTE 3 24 3 4 7 18 20 32
ROUTE 4 22 14 8 2 13
ROUTE 5 17 27 31
Gebrauchte Zeit: 46 ms fuer A-n32-k5.vrp

OBJECTIVE:763.911
ROUTE 1 3 25 7 20 15 22 2
ROUTE 2 32 12 24 29 19 30 16
ROUTE 3 17 4 10 18 11 13
ROUTE 4 31 26 28 6 27 8 9
ROUTE 5 14 33 21 5 23
Gebrauchte Zeit: 42 ms fuer A-n33-k5.vrp

OBJECTIVE:961.144
ROUTE 1 33 11 22
ROUTE 2 13 12
ROUTE 3 30 18 15 2
ROUTE 4 14 19 7 8 20 21
ROUTE 5 10 16 3 4 9 5
ROUTE 6 27 23 6 25 24 32 28
ROUTE 7 31 17 26 29
Gebrauchte Zeit: 43 ms fuer A-n33-k6.vrp

OBJECTIVE:891.96
ROUTE 1 5 27 6 31 25 28
ROUTE 2 24 2 30 15 8
ROUTE 3 7 16 9 12 20 18
ROUTE 4 26 32 29 33 14 11 22
ROUTE 5 4 13 10 23 17 3 19 34
ROUTE 6 21
Gebrauchte Zeit: 44 ms fuer A-n34-k5.vrp

OBJECTIVE:891.504
ROUTE 1 11 8 27 6 21
ROUTE 2 16 9 36 3 24 35 15
ROUTE 3 10 29 13 4 7 5 20
ROUTE 4 32 34 30 31 18 14 33 23 19
ROUTE 5 22 25 28 26 12 2 17
Gebrauchte Zeit: 45 ms fuer A-n36-k5.vrp

OBJECTIVE:797.374
ROUTE 1 22 17 8 5 34 23
ROUTE 2 13 11 14 6 7 3
ROUTE 3 20 21 12 10 28 9 25 24 15 18
ROUTE 4 2 4 26 36 19 31 27 32 29
ROUTE 5 33 30 37 35 16
Gebrauchte Zeit: 46 ms fuer A-n37-k5.vrp

OBJECTIVE:1066.13
ROUTE 1 37 30 25 17 8
ROUTE 2 14 26 36
ROUTE 3 28 33 16 31 11
ROUTE 4 12 13 23 24 29 3 10
ROUTE 5 22 27 20 32 35
ROUTE 6 18 21 34 6 4 2 9 7
ROUTE 7 19 5 15
Gebrauchte Zeit: 52 ms fuer A-n37-k6.vrp

OBJECTIVE:886.984
ROUTE 1 25 15 3 16 14 37 18 9 34
ROUTE 2 36 24 27 13 4 2 5 17
ROUTE 3 26 7 35 30 20 19 11
ROUTE 4 31 22 10 29 32 38
ROUTE 5 12 28 23 6 8
ROUTE 6 21 33
Gebrauchte Zeit: 47 ms fuer A-n38-k5.vrp

OBJECTIVE:1003.13
ROUTE 1 5 20 26 34 13 19 10 32
ROUTE 2 24 21 2 39 16 30 6 11
ROUTE 3 33 17 8 4 23 3
ROUTE 4 25 36 38 35 27 28
ROUTE 5 37 29 14 31 7 18 12 9 22
ROUTE 6 15
Gebrauchte Zeit: 48 ms fuer A-n39-k5.vrp

OBJECTIVE:1024.45
ROUTE 1 7 12 27 6 30 29 10
ROUTE 2 13 39 38 32 15 36 26 34 20
ROUTE 3 5 17 11 28 35 23
ROUTE 4 19 22 24 18 37 2 33 8 9
ROUTE 5 3 21 31
ROUTE 6 14 16
ROUTE 7 4 25
Gebrauchte Zeit: 44 ms fuer A-n39-k6.vrp

OBJECTIVE:1190.85
ROUTE 1 32 9 8 29 28 6 22
ROUTE 2 33 43 38 11 12 17
ROUTE 3 21 19 36 2 31 24 27
ROUTE 4 34 25 20 16 5 35 40 18
ROUTE 5 13 4 7 26 41 30
ROUTE 6 44 23 37 10 39 14 15 42
ROUTE 7 3
Gebrauchte Zeit: 44 ms fuer A-n44-k7.vrp

OBJECTIVE:1066.76
ROUTE 1 39 32 36 15 2 45
ROUTE 2 7 25 38 35 12 20 31
ROUTE 3 41 18 19 44 28
ROUTE 4 30 27 29 8 33 14
ROUTE 5 21 6 22 34 42 9 11 4
ROUTE 6 17 5 43 37 40 13 26 3
ROUTE 7 16 23 10 24
Gebrauchte Zeit: 45 ms fuer A-n45-k6.vrp

OBJECTIVE:1298.73
ROUTE 1 13 3 27 5 7 29 4
ROUTE 2 12 44 42 30 28
ROUTE 3 34 32 20 37 31
ROUTE 4 38 2 43 16 26 24
ROUTE 5 18 39 21 17 8 41 19 14
ROUTE 6 33 9 10 11 23 6 15
ROUTE 7 45 25 22 35 36 40
Gebrauchte Zeit: 44 ms fuer A-n45-k7.vrp

OBJECTIVE:1069.72
ROUTE 1 24 46 7 15 44 14 27 39
ROUTE 2 5 31 3 38 11
ROUTE 3 45 26 19 36 13
ROUTE 4 8 40 23 4 33 6 37 29 20 12
ROUTE 5 9 34 43 17 25 2 41 35
ROUTE 6 28 16 21 32 30 42 22
ROUTE 7 18 10
Gebrauchte Zeit: 45 ms fuer A-n46-k7.vrp

OBJECTIVE:1261.86
ROUTE 1 15 18 42 3 11 48
ROUTE 2 17 29 34 30 22 31 47 14
ROUTE 3 25 5 12 43 16 10 35 46 28
ROUTE 4 9 40 27 21 4 8 38
ROUTE 5 20 26 39 23 7 2
ROUTE 6 6 13 32 44 24 33 37
ROUTE 7 41 36 45 19
Gebrauchte Zeit: 45 ms fuer A-n48-k7.vrp

OBJECTIVE:1256.16
ROUTE 1 2 52 31 47 9 28
ROUTE 2 36 39 19 41 27
ROUTE 3 11 50 30 45 38 3 37 51 44 24 20 16
ROUTE 4 33 17 49 43 46 13
ROUTE 5 8 23 29 5 48 10 18 42 12
ROUTE 6 25 35 53 14 22
ROUTE 7 15 26 40 6 4 34
ROUTE 8 7 21 32
Gebrauchte Zeit: 45 ms fuer A-n53-k7.vrp

OBJECTIVE:1391.83
ROUTE 1 53 31 35 42 26 48 52 25 43 47 33
ROUTE 2 7 17 36 16 11 12 14 28
ROUTE 3 15 3 13 38 49 41
ROUTE 4 9 20 32 23 4
ROUTE 5 54 45 39 10
ROUTE 6 34 22 46 27 18 2 37
ROUTE 7 50 40 51 8 6 19 29 21 30 24
ROUTE 8 5 44
Gebrauchte Zeit: 46 ms fuer A-n54-k7.vrp

OBJECTIVE:1311.28
ROUTE 1 37 5 31 8 43 32 27
ROUTE 2 21 47 15 38 4 18
ROUTE 3 35 34 3 52 12
ROUTE 4 16 11 13 22 9
ROUTE 5 33 6 54 41 17 39 48 40
ROUTE 6 50 10 36 44 7
ROUTE 7 46 2 49 51
ROUTE 8 19 30 29 24 45 25
ROUTE 9 53 55 14 28 20 23 42
ROUTE 10 26
Gebrauchte Zeit: 50 ms fuer A-n55-k9.vrp

OBJECTIVE:1603.78
ROUTE 1 42 34 53 20 39 60
ROUTE 2 8 30 14 9 28
ROUTE 3 58 38 18 27 16 44
ROUTE 4 57 13 52 10 33 43
ROUTE 5 46 6 55 11 23
ROUTE 6 49 37 2 45 50 31
ROUTE 7 54 32 29 3 25 59 51
ROUTE 8 40 56 36 48 24 35 7
ROUTE 9 22 5 12 41 4 21 17 26 47 15 19
Gebrauchte Zeit: 47 ms fuer A-n60-k9.vrp

OBJECTIVE:1305.93
ROUTE 1 15 8 24 20 52
ROUTE 2 10 35 17 49 19 36 48
ROUTE 3 59 57 28 22 30 37 55 47
ROUTE 4 6 3 9 54 42
ROUTE 5 7 21 26 41 25 11 50 60
ROUTE 6 46 38
ROUTE 7 39 4 16
ROUTE 8 31 33 27 5 44 43 34
ROUTE 9 56 23 13 51 14 18 58 53
ROUTE 10 32 29 61 12 2
ROUTE 11 45 40
Gebrauchte Zeit: 49 ms fuer A-n61-k9.vrp

OBJECTIVE:1520.73
ROUTE 1 29 16 21 57 41
ROUTE 2 60 56 27 35 32 26 61 6 15 14 13 49 54 53
ROUTE 3 37 17 38 23 45 3 39
ROUTE 4 20 19 31 47 46 48
ROUTE 5 25 40 28 24 42 22 4
ROUTE 6 43 55 2 10 12 5 50
ROUTE 7 36 34 59 18 51 58
ROUTE 8 33 7 62 30 44 9 11 52
ROUTE 9 8
Gebrauchte Zeit: 47 ms fuer A-n62-k8.vrp

OBJECTIVE:1552.38
ROUTE 1 49 37 53 44 31
ROUTE 2 39 5 21 27 14 29
ROUTE 3 58 33 45 48 35 12 23
ROUTE 4 59 52 32 51 63 25 8 22 62 55
ROUTE 5 17 38 61
ROUTE 6 47 24
ROUTE 7 56 34 9 36
ROUTE 8 28 7 13 10 3 42
ROUTE 9 2 15 54 50 46 40 4 43 20
ROUTE 10 11 60 6 19 16 26 41 30
ROUTE 11 57 18
Gebrauchte Zeit: 50 ms fuer A-n63-k10.vrp

OBJECTIVE:1923.93
ROUTE 1 12 34 45 54 22 56
ROUTE 2 33 41 15 59 51 52 58
ROUTE 3 63 48 5 19 2 47 44 32
ROUTE 4 39 10 43 42 4
ROUTE 5 24 40 53 7 38 36 18
ROUTE 6 23 29 11 13 16 57
ROUTE 7 8 17 62 61 14 35 50 49
ROUTE 8 37 9 25 60 28
ROUTE 9 46 6 3 31 30 55
ROUTE 10 21 26 20 27
Gebrauchte Zeit: 48 ms fuer A-n63-k9.vrp

OBJECTIVE:1522.29
ROUTE 1 11 42 57 53 14 43 34
ROUTE 2 49 63 21
ROUTE 3 52 24 38 35 20 10 33 62
ROUTE 4 25 61 17 9 47 48 64 3 59
ROUTE 5 55 5 6 51 32
ROUTE 6 60 56 50 45 40 41 37 8 22 27 36 15
ROUTE 7 28 31 4 54 46 16 12 58
ROUTE 8 18 2 29 44 13 23
ROUTE 9 19 39 30 26 7
Gebrauchte Zeit: 50 ms fuer A-n64-k9.vrp

OBJECTIVE:1390.09
ROUTE 1 20 8 65 62 68 22 28 35
ROUTE 2 66 56 61 5 48 26 15 43
ROUTE 3 58 12 64 47 6 38 51 17
ROUTE 4 33 18 11 37 2 49
ROUTE 5 63 30 41 39 57
ROUTE 6 40 9 60 42 21 46 36
ROUTE 7 69 14 45 16 4 7 52 31 10 50
ROUTE 8 34 3 54 19 32 24 67
ROUTE 9 13 23 59 25 44
ROUTE 10 53 27 55 29
Gebrauchte Zeit: 47 ms fuer A-n69-k9.vrp

OBJECTIVE:708.732
ROUTE 1 21 28 11 3 15 16 12 25 20
ROUTE 2 2 4 7 10 18 14
ROUTE 3 31 8 24 13 27
ROUTE 4 29 9 23 30 5 26 6
ROUTE 5 19 17 22
Gebrauchte Zeit: 45 ms fuer B-n31-k5.vrp

OBJECTIVE:923.534
ROUTE 1 12 31 3 22 8 23 33
ROUTE 2 34 11 24 5
ROUTE 3 21 9 27 13 4 28 30 25 15
ROUTE 4 10 17 19
ROUTE 5 20 2 26 18 32 29 14 16
ROUTE 6 7 6
Gebrauchte Zeit: 43 ms fuer B-n34-k5.vrp

OBJECTIVE:1023.08
ROUTE 1 22 26 9 32 7 19 27
ROUTE 2 34 4 35 28 25 29
ROUTE 3 5 15 23 31 6 12
ROUTE 4 20 16 3 33 14 2 24 8 10
ROUTE 5 17 11 13 21 30 18
Gebrauchte Zeit: 42 ms fuer B-n35-k5.vrp

OBJECTIVE:891.863
ROUTE 1 27 17 23 12 22 15
ROUTE 2 16 21 11 2 36
ROUTE 3 3 38 14 29 33 4 32 10
ROUTE 4 20 7 31 24 19
ROUTE 5 34 5 9 18 37 35 25 30 13
ROUTE 6 6 28 26 8
Gebrauchte Zeit: 46 ms fuer B-n38-k6.vrp

OBJECTIVE:633.681
ROUTE 1 6 16 12 13 23 17 31 24 38 25 22 34
ROUTE 2 3 27 26 33 2 39
ROUTE 3 28 18 36 5 37 29 32
ROUTE 4 4 9 15 14 11 19 7 21
ROUTE 5 20 35 8 10 30
Gebrauchte Zeit: 47 ms fuer B-n39-k5.vrp

OBJECTIVE:938.003
ROUTE 1 22 19 4 38 10 3 36 25
ROUTE 2 26 7 34 35 12 2 30
ROUTE 3 29 18 15 33 13 24
ROUTE 4 11 41 21 17 8 37
ROUTE 5 9 14 31 23 32 16
ROUTE 6 6 27 20 28 39 40 5
Gebrauchte Zeit: 46 ms fuer B-n41-k6.vrp

OBJECTIVE:784.695
ROUTE 1 34 21 22 6 19 20 15 29 38
ROUTE 2 2 24 3 9 13 32
ROUTE 3 39 37 16 17 11 8 35 43
ROUTE 4 40 18 10 27 7 25 23
ROUTE 5 4 12 14 31 5 36 28
ROUTE 6 30 33 26 41 42
Gebrauchte Zeit: 46 ms fuer B-n43-k6.vrp

OBJECTIVE:1115.62
ROUTE 1 8 17 19 30 20 33 7
ROUTE 2 22 14 42 38 35 5 9
ROUTE 3 31 43 23 39
ROUTE 4 24 11 12
ROUTE 5 10 27 25 40 15 37 3 36
ROUTE 6 28 32 44 16 34
ROUTE 7 4 13 29 26 21 2
ROUTE 8 41 18 6
Gebrauchte Zeit: 44 ms fuer B-n44-k7.vrp

OBJECTIVE:843.401
ROUTE 1 6 42 44 23 9 5 30 12
ROUTE 2 26 27 20 34 17 22 13 7 41 43 29 2
ROUTE 3 10 14 3 16 33
ROUTE 4 38 8 35 45 19 15 28
ROUTE 5 25 39 36 21 32 4 11 18 37 24
ROUTE 6 31 40
Gebrauchte Zeit: 46 ms fuer B-n45-k5.vrp

OBJECTIVE:794.912
ROUTE 1 44 14 30 5 28 40
ROUTE 2 9 23 29 13 33 24 38 20 36 45 21
ROUTE 3 8 34 41 39 22 42
ROUTE 4 32 10 4 16 19 35
ROUTE 5 7 27 26 43 31 17
ROUTE 6 6 2 12 11 37 3
ROUTE 7 15 18 25
Gebrauchte Zeit: 46 ms fuer B-n45-k6.vrp

OBJECTIVE:861.121
ROUTE 1 8 31 26 19 15 44 25 28 17 43
ROUTE 2 11 4 42 32 48 34 23
ROUTE 3 13 39 10 24 30 36 5 47
ROUTE 4 40 27 14 2 38
ROUTE 5 12 21 9 6 22 46 37 7 16
ROUTE 6 41 33 29 3
ROUTE 7 49 18 20 45 50 35
Gebrauchte Zeit: 48 ms fuer B-n50-k7.vrp

OBJECTIVE:1434.59
ROUTE 1 3 35 49 41 8 38 28 21 13
ROUTE 2 10 34 37 44 50 26 5 19 27
ROUTE 3 48 6
ROUTE 4 20 30 29 33 2
ROUTE 5 22 43 18 9 40
ROUTE 6 46 42 36 11 16 4
ROUTE 7 14 23 39 24 47
ROUTE 8 17 25 12 31 15 32 7 45
Gebrauchte Zeit: 43 ms fuer B-n50-k8.vrp

OBJECTIVE:1185.58
ROUTE 1 49 34 20 4 36 2
ROUTE 2 10 50 21 45 22 51 24 16
ROUTE 3 46 48 26 31 25 23 47 6
ROUTE 4 37 41 17 18 11 3 39 35
ROUTE 5 19 40 30 14
ROUTE 6 43 15 5 12 44 27
ROUTE 7 29 8 7 42 28 32 33
ROUTE 8 38 13 9
Gebrauchte Zeit: 43 ms fuer B-n51-k7.vrp

OBJECTIVE:871.082
ROUTE 1 41 43 21 2 31 19 4 29
ROUTE 2 32 25 40 15 12 22 24 13
ROUTE 3 51 46 5 23 18 16 20 50 27 47
ROUTE 4 14 33 35 17 10 39 49 3
ROUTE 5 44 8 34 36 52 6 9
ROUTE 6 28 30 11 45 38 48
ROUTE 7 7 37 26 42
Gebrauchte Zeit: 43 ms fuer B-n52-k7.vrp

OBJECTIVE:871.854
ROUTE 1 26 54 25 7 20 44 11 18 45 52
ROUTE 2 15 24 51 23 39 10 13
ROUTE 3 6 41 29 9 47 19 8 16
ROUTE 4 38 30 46 42 43 48 40
ROUTE 5 5 27 22 36 17 53 2
ROUTE 6 28 49 37 33 50 12 56 21 32 55
ROUTE 7 35 31 3 34 14 4
Gebrauchte Zeit: 46 ms fuer B-n56-k7.vrp

OBJECTIVE:1403.41
ROUTE 1 5 30 41 36 55 53 51
ROUTE 2 38 33 48 21 44 8
ROUTE 3 40 15 43 23 31 3 56 2 17 49
ROUTE 4 50 46 16 12 32
ROUTE 5 7 22 45 11 4 27
ROUTE 6 42 20 18 35 37 39
ROUTE 7 13 54 52 10 9 29 26 19 57
ROUTE 8 6 34 14 25 28 47 24
Gebrauchte Zeit: 46 ms fuer B-n57-k7.vrp

OBJECTIVE:1711.33
ROUTE 1 7 57 23 33 41
ROUTE 2 4 51 47 11 18 32 56
ROUTE 3 10 29 19 28 25 53
ROUTE 4 46 55 44 2 49 13
ROUTE 5 39 31 5 50 36 34 8 21 43
ROUTE 6 12 15 35 20 45
ROUTE 7 14 40 27 24 17
ROUTE 8 3 38 26 52 16 9 42
ROUTE 9 22 30 54 37 48 6
Gebrauchte Zeit: 48 ms fuer B-n57-k9.vrp

OBJECTIVE:1773.17
ROUTE 1 29 30 33 49 61 6
ROUTE 2 14 56 45 17 41
ROUTE 3 4 32 5 50 57
ROUTE 4 60 47 9 31 16 48
ROUTE 5 10 23 35 40 20 53
ROUTE 6 63 3 22 52 26 34
ROUTE 7 27 36 7 42 15 59 55 13 25
ROUTE 8 44 18 12 24 54 39 58 62
ROUTE 9 43 11 38 8 21
ROUTE 10 46 37 28 2
ROUTE 11 51 19
Gebrauchte Zeit: 46 ms fuer B-n63-k10.vrp

OBJECTIVE:1017.47
ROUTE 1 4 33 10 38 20 16 25 6 5
ROUTE 2 15 36 49 37 61 60
ROUTE 3 52 56 23 13 11 51
ROUTE 4 19 62 48 34 30 12 29
ROUTE 5 57 14 17 39 41
ROUTE 6 35 28 22 9 55 32 18 8 31 47
ROUTE 7 42 27 63 44
ROUTE 8 50 53 2
ROUTE 9 26 24 40 43 58 21 64
ROUTE 10 3 59 54 7 46 45
Gebrauchte Zeit: 46 ms fuer B-n64-k9.vrp

OBJECTIVE:1483.89
ROUTE 1 33 59 34 43 28 6 66
ROUTE 2 9 41 5 61 16 4 30 15 40 22
ROUTE 3 37 10 50 13 25 51
ROUTE 4 29 7 3 11 27
ROUTE 5 47 64 65 45 60 38
ROUTE 6 49 26 63 17 62 48 31 8
ROUTE 7 58 39 20 36 57 23 35
ROUTE 8 52 44 14 46 32 12 24
ROUTE 9 19 56 18 21 54 55
ROUTE 10 53 42 2
Gebrauchte Zeit: 48 ms fuer B-n66-k9.vrp

OBJECTIVE:1212.66
ROUTE 1 6 29 14 59 13 46
ROUTE 2 53 23 55 56 57 16 22 26 64
ROUTE 3 49 10 63 62 31
ROUTE 4 58 4 61 7 35 65 41
ROUTE 5 45 43 54 40 37 2
ROUTE 6 50 36 20 21 12 5 47 15
ROUTE 7 51 8 30 25 60 9
ROUTE 8 24 38 66 33 52 28 11
ROUTE 9 39 18 44 17 42 67 3 27
ROUTE 10 48 34 19 32
Gebrauchte Zeit: 50 ms fuer B-n67-k10.vrp

OBJECTIVE:1378.06
ROUTE 1 64 20 54 39 51 41 56 4
ROUTE 2 12 24 40 26 43 37 30 68 33
ROUTE 3 7 59 11 25 19 29 9 42
ROUTE 4 38 3 23 50 52
ROUTE 5 62 58 27 53 21 18
ROUTE 6 10 49 45 35 17 60 46 13 31
ROUTE 7 22 55 63 15 6 14 47 67
ROUTE 8 66 44 8 48 5 61
ROUTE 9 36 28 65 32 57 34 2 16
Gebrauchte Zeit: 47 ms fuer B-n68-k9.vrp

OBJECTIVE:1472.95
ROUTE 1 18 73 2 53 25 22 44 68 70
ROUTE 2 59 39 57 9 72 23 52 16
ROUTE 3 13 35 47 46 32 21 55
ROUTE 4 4 74 77 33 8 58
ROUTE 5 30 76 66 48 28 3 64
ROUTE 6 50 6 31 38 71 7
ROUTE 7 63 62 51 75 29 10 20 5
ROUTE 8 49 40 14 34 56 36
ROUTE 9 60 37 15 42 61 67 43 17 19
ROUTE 10 26 11 69 54 41 65 12 27 45 24
ROUTE 11 78
Gebrauchte Zeit: 50 ms fuer B-n78-k10.vrp

OBJECTIVE:492.283
ROUTE 1 2 11
ROUTE 2 5 12
ROUTE 3 16 13
ROUTE 4 4
ROUTE 5 9
ROUTE 6 3
ROUTE 7 14 10 8
ROUTE 8 15 6
ROUTE 9 7
Gebrauchte Zeit: 44 ms fuer P-n16-k8.vrp

OBJECTIVE:239.67
ROUTE 1 2 11 5 12 15 13 4 18 17 9
ROUTE 2 8 10 16 14 6 19 3
ROUTE 3 7
Gebrauchte Zeit: 45 ms fuer P-n19-k2.vrp

OBJECTIVE:260.849
ROUTE 1 2 11 5 12 16 13 4 19 18 9
ROUTE 2 3 7 8 14 10 17 15 6
ROUTE 3 20
Gebrauchte Zeit: 47 ms fuer P-n20-k2.vrp

OBJECTIVE:233.045
ROUTE 1 7 21 6 15 18 10 8 3 14
ROUTE 2 9 19 20 4 13 16 12 5 11 2 17
Gebrauchte Zeit: 51 ms fuer P-n21-k2.vrp

OBJECTIVE:226.62
ROUTE 1 7 21 6 15 18 22 8 10 14 3
ROUTE 2 9 19 20 4 13 16 12 5 11 2 17
Gebrauchte Zeit: 46 ms fuer P-n22-k2.vrp

OBJECTIVE:651.325
ROUTE 1 15 17
ROUTE 2 20
ROUTE 3 22 18
ROUTE 4 21 19
ROUTE 5 16 13 10
ROUTE 6 8 6
ROUTE 7 3 2 4
ROUTE 8 5 7 9 11
ROUTE 9 12 14
Gebrauchte Zeit: 45 ms fuer P-n22-k8.vrp

OBJECTIVE:576.806
ROUTE 1 22 7 21
ROUTE 2 6 15
ROUTE 3 18 23
ROUTE 4 8 10 14
ROUTE 5 3
ROUTE 6 9
ROUTE 7 19 20 4
ROUTE 8 13 16 12
ROUTE 9 5 11 2
ROUTE 10 17
Gebrauchte Zeit: 43 ms fuer P-n23-k8.vrp

OBJECTIVE:556.868
ROUTE 1 28 2 33 12 39 6 38 16 34
ROUTE 2 40 11 31 35 10 17 22 30 3
ROUTE 3 23 21 36 37 4 29 32 9 27
ROUTE 4 8 24 25 7 15 26 14
ROUTE 5 20 19 5 18 13
Gebrauchte Zeit: 48 ms fuer P-n40-k5.vrp

OBJECTIVE:640.594
ROUTE 1 28 2 33 12 17 3 23 32 29 4
ROUTE 2 37 36 21 30 22 35 31 40 34
ROUTE 3 11 10 39 6 13 5 18 38 16 45 43 20
ROUTE 4 41 42 14 19 26 15
ROUTE 5 25 44 24 8 27 9 7
Gebrauchte Zeit: 45 ms fuer P-n45-k5.vrp

OBJECTIVE:825.175
ROUTE 1 5 31 3 2
ROUTE 2 34 7 18 4 45
ROUTE 3 33 10 26 19
ROUTE 4 25 50 17 24 44 42
ROUTE 5 43 23 29 22 49
ROUTE 6 48 37 21 38 6 16
ROUTE 7 14 28 30 46 35
ROUTE 8 47 9 8 36 20
ROUTE 9 15 12 39
ROUTE 10 11 32 40 41
ROUTE 11 13 27
Gebrauchte Zeit: 44 ms fuer P-n50-k10.vrp

OBJECTIVE:648.186
ROUTE 1 5 31 3 2 34 7
ROUTE 2 18 4 45 33 10 26 19
ROUTE 3 25 50 17 24 44 42 43 23 29
ROUTE 4 22 49 48 37 21 38 6 16
ROUTE 5 14 28 30 46 35 47 9 8 36
ROUTE 6 20 15 12 39 11
ROUTE 7 32 40 41 13 27
Gebrauchte Zeit: 46 ms fuer P-n50-k7.vrp

OBJECTIVE:733.3
ROUTE 1 5 31 3 2
ROUTE 2 34 7 18 4 45
ROUTE 3 33 10 26 19 25 50
ROUTE 4 17 24 44 42 43 23 29
ROUTE 5 22 49 48 37 21 38
ROUTE 6 6 16 14 28 30 46 35
ROUTE 7 47 9 8 36 20 15
ROUTE 8 12 39 11 32
ROUTE 9 40 41 13 27
Gebrauchte Zeit: 45 ms fuer P-n50-k8.vrp

OBJECTIVE:868.415
ROUTE 1 28 7 49 24
ROUTE 2 8 44 25 15
ROUTE 3 26 14
ROUTE 4 19 48 5
ROUTE 5 42 41 20 43 18 38
ROUTE 6 45 16 46 34 40 11
ROUTE 7 50 10 17 51 31
ROUTE 8 35 22 30 21
ROUTE 9 36 37 4 29 32 27
ROUTE 10 9 23 2 33 3
ROUTE 11 12 39 6
ROUTE 12 13 47
Gebrauchte Zeit: 45 ms fuer P-n51-k10.vrp

OBJECTIVE:749.361
ROUTE 1 27 8 36 9 53 47
ROUTE 2 35 5 31 3
ROUTE 3 7 52 4 45 25 50 17
ROUTE 4 34 24 44 42 43 2 23
ROUTE 5 29 22 48 49
ROUTE 6 6 37 38 21 16 30 46
ROUTE 7 28 14 55 20 15 54
ROUTE 8 12 39 11 32
ROUTE 9 26 19 51 33 10
ROUTE 10 40 13 41 18
Gebrauchte Zeit: 47 ms fuer P-n55-k10.vrp

OBJECTIVE:1044.02
ROUTE 1 27 8 36 9
ROUTE 2 53 47 35
ROUTE 3 5 31
ROUTE 4 3 7 52 4
ROUTE 5 45 25 50 17
ROUTE 6 34 24 44 42
ROUTE 7 43 2 23 29
ROUTE 8 22 48 49
ROUTE 9 6 37 38 21
ROUTE 10 16 30 46 28
ROUTE 11 14 55 20
ROUTE 12 15 54
ROUTE 13 12 39
ROUTE 14 11 32 26
ROUTE 15 19 51 33
ROUTE 16 10 40 13
ROUTE 17 41 18
Gebrauchte Zeit: 47 ms fuer P-n55-k15.vrp

OBJECTIVE:649.2
ROUTE 1 27 8 36 9 53 47 35 5
ROUTE 2 31 3 7 52 4 45 25 50 17
ROUTE 3 34 24 44 42 43 2 23 29 22
ROUTE 4 48 49 6 37 38 21 16 30 46 28
ROUTE 5 14 55 20 15 54 12 39
ROUTE 6 11 32 26 19 51 33 10
ROUTE 7 40 13 41 18
Gebrauchte Zeit: 50 ms fuer P-n55-k7.vrp

OBJECTIVE:670.216
ROUTE 1 27 8 36 9 53 47 35 5
ROUTE 2 31 3 7 52 4 45 25 50 17
ROUTE 3 34 24 44 42 43 2 23 29
ROUTE 4 22 48 49 6 37 38 21 16 30
ROUTE 5 46 28 14 55 20 15 54
ROUTE 6 12 39 11 32 26 19
ROUTE 7 51 33 10 40 13 41
ROUTE 8 18
Gebrauchte Zeit: 46 ms fuer P-n55-k8.vrp

OBJECTIVE:848.214
ROUTE 1 5 31 30 46 28 14
ROUTE 2 53 35 47 9 20 55
ROUTE 3 58 16 21 38 37 60 48
ROUTE 4 6 49 22 29 23
ROUTE 5 2 44 43 42 57 24 50
ROUTE 6 25 19 51 26 56 32
ROUTE 7 40 10 41 33
ROUTE 8 45 4 17 34 3 7
ROUTE 9 52 18 13 59 11 39
ROUTE 10 12 15 54 36 8
ROUTE 11 27
Gebrauchte Zeit: 49 ms fuer P-n60-k10.vrp

OBJECTIVE:1101.3
ROUTE 1 5 31 3
ROUTE 2 7 52 18
ROUTE 3 41 13 40
ROUTE 4 10 33 45
ROUTE 5 4 17 34 2
ROUTE 6 23 43 44 42
ROUTE 7 57 24 50 25 19
ROUTE 8 51 26 56 32
ROUTE 9 11 59 39
ROUTE 10 12 60
ROUTE 11 15 20 55 14
ROUTE 12 58 16 21 38 37
ROUTE 13 48 22 29
ROUTE 14 49 6 30 46
ROUTE 15 28 53 35
ROUTE 16 47 9 36 54
ROUTE 17 8 27
Gebrauchte Zeit: 47 ms fuer P-n60-k15.vrp

OBJECTIVE:903.248
ROUTE 1 5 35 47 8 27 59
ROUTE 2 13 41 33 45 4 17
ROUTE 3 34 2 44 43 42 57 24
ROUTE 4 64 50 25 19 51 56 26 10
ROUTE 5 40 32 11 39 12
ROUTE 6 54 15 60 20 36 9
ROUTE 7 53 46 31 49 6 30
ROUTE 8 28 14 55 58 16 38 21 61 37
ROUTE 9 48 22 29 62 65
ROUTE 10 23 63 3 7 52 18
Gebrauchte Zeit: 45 ms fuer P-n65-k10.vrp

OBJECTIVE:951.574
ROUTE 1 27 13 41 18 52 7 69
ROUTE 2 3 34 63 23 65 62
ROUTE 3 29 22 31 49 6
ROUTE 4 48 37 70 61 21 38 16 58 14
ROUTE 5 55 20 15 60 12
ROUTE 6 67 66 32 56 26 51 19
ROUTE 7 25 50 24 57 42 43 44 2
ROUTE 8 64 17 4 45 33 10 40
ROUTE 9 59 11 39 54 8 36 9
ROUTE 10 53 28 30 46 5 35
ROUTE 11 47 68
Gebrauchte Zeit: 49 ms fuer P-n70-k10.vrp

OBJECTIVE:738.355
ROUTE 1 76 69 7 18 52 17 34 64 24 57 50 25 4 45 33 51 19 56 26 32
ROUTE 2 40 10 41 13 27 73 59 11 39 66 67 12 60 15 20
ROUTE 3 54 8 36 9 47 35 53 55 14 58 28 46 30 6 16 38 37 21 71 61 72 70 62
ROUTE 4 23 65 43 42 44 2 74 63 3 75 29 22 48 49 31 5 68
Gebrauchte Zeit: 49 ms fuer P-n76-k4.vrp

OBJECTIVE:828.28
ROUTE 1 76 69 7 18 52 17 34 64 24 57 50 25 4 45 33 51
ROUTE 2 19 56 26 32 40 10 41 13 27 73 59 11 39 66
ROUTE 3 67 12 60 15 20 54 8 36 9 47 35 53
ROUTE 4 55 14 58 28 46 30 6 16 38 37 21 71 61 72 70 62 23 65 43
ROUTE 5 42 44 2 74 63 3 75 29 22 48 49 31 5
ROUTE 6 68
Gebrauchte Zeit: 51 ms fuer P-n76-k5.vrp

OBJECTIVE:3.06353e+06
ROUTE 1 89 90 87 94 86 188 95 187 93 18 17 26 30 29 28 27 25 24 23 22 20 58 19 21 180 60 59 62 61 202 175 161 148 158 159 160 163 111 112 110 113 100 97 102 99 104 108 105 98 107
ROUTE 2 103 106 101 109 155 151 150 157 153 154 156 149 162 152 64 78 79 66 71 69 75 77 68 133 132 136 134 141 140 135 142 143 137 144 139 145 146 130 129 118 128 127 117 115 123 116 119 124 125 126
ROUTE 3 120 122 121 114 138 147 43 45 44 42 49 40 41 36 35 96 50 51 52 37 38 53 39 48 46 47 164 73 70 178 177 176 76 67 65 74 72 174 173 172 171 179 181 182 169 184 167 168 186 80
ROUTE 4 183 33 166 185 57 192 170 34 131 63 4 5 56 7 54 194 6 3 55 91 196 9 165 14 15 16 12 198 10 88 11 13 84 82 85 83 81 92 2 8 200 190 201 195 197 191 193 189 199 32
ROUTE 5 31
Gebrauchte Zeit: 177 ms fuer i159TSP3.vrp

OBJECTIVE:3.33856e+06
ROUTE 1 122 120 366 368 246 245 243 244 124 367 369 123 121 365 119 223 226 222 224 225 101 347 99 348 102 352 353 355 354 231 229 233 232 230 108 227 228 234 241 364 118 294 5 3 12 2 296 299 13 295
ROUTE 2 53 54 49 59 300 52 298 238 239 240 175 135 249 251 252 8 131 129 133 130 7 126 9 6 132 11 4 10 255 253 128 134 256 136 250 258 125 127 259 137 260 315 60 21 22 30 267 265 268 336
ROUTE 3 317 318 306 72 340 92 311 301 276 316 343 188 62 308 370 371 185 313 67 190 70 90 97 266 79 338 303 302 275 304 86 84 325 71 94 335 274 273 330 194 215 181 145 143 142 178 189 153 179 186
ROUTE 4 168 220 187 213 180 202 193 144 209 208 207 218 199 198 217 152 169 166 167 165 162 163 164 216 183 200 197 192 212 201 309 277 280 270 279 281 161 156 151 237 157 211 272 150 269 160 158 140 191 235
ROUTE 5 236 283 271 146 139 149 159 141 138 148 155 154 282 147 264 359 358 42 43 39 41 40 45 44 46 113 15 16 18 312 196 288 284 278 285 263 261 17 262 334 219 360 287 290 289 291 319 292 214 204
ROUTE 6 210 206 73 205 203 221 323 286 88 112 64 114 89 322 324 333 342 341 321 63 66 58 65 23 69 68 28 36 98 37 91 327 24 25 26 96 344 332 339 77 78 74 320 93 195 95 76 337 331 326
ROUTE 7 310 87 85 56 75 329 328 80 82 81 83 29 20 38 55 27 35 19 31 314 32 57 33 34 61 184 307 257 248 254 117 115 116 363 361 14 362 297 305 293 47 177 174 170 50 182 48 171 176 173
ROUTE 8 111 104 172 109 107 105 357 51 350 106 110 351 356 349 103 345 100 346 242 247
Gebrauchte Zeit: 822 ms fuer i159TSP4.vrp

OBJECTIVE:5.48101e+06
ROUTE 1 57 40 49 68 41 71 42 43 45 644 627 605 566 656 626 625 634 653 642 548 547 587 586 575 603 617 591 578 552 588 549 652 628 69 67 59 66 63 44 64 70 65 73 640 641 657 646 61 78 177
ROUTE 2 46 76 47 663 606 645 60 72 39 37 17 21 56 58 55 62 32 20 28 24 5 30 27 31 25 26 19 23 16 34 33 22 8 35 7 36 468 662 38 77 584 75 74 623 116 350 233 389 311 467
ROUTE 3 194 506 428 272 155 631 660 659 581 583 620 592 545 582 621 553 234 195 117 115 114 192 153 231 504 543 309 270 387 426 465 271 427 505 544 310 388 349 348 273 312 113 164 203 125 86 390 351 232 193
ROUTE 4 154 156 429 507 546 178 217 100 251 250 368 290 485 406 446 407 524 329 359 320 281 242 256 386 347 308 269 152 230 191 163 85 466 124 202 241 319 280 358 397 475 514 425 542 503 490 464 436 398 515
ROUTE 5 476 334 437 412 529 373 451 267 345 384 306 423 268 462 463 541 307 385 346 424 502 343 421 298 339 261 300 434 226 395 187 338 377 335 452 526 491 413 494 304 382 265 455 416 533 540 501 448 253 409
ROUTE 6 487 229 189 228 295 111 150 190 151 112 292 530 296 257 148 512 299 109 260 374 331 370 445 289 367 328 484 523 175 214 218 179 221 143 104 161 200 122 83 140 97 136 212 173 95 139 294 134 411 216
ROUTE 7 622 554 632 661 624 593 607 585 568 602 563 579 567 618 562 601 565 572 569 608 577 616 101 133 94 211 172 372 450 255 99 138 489 333 528 604 580 619 551 590 571 612 610 573 611 651 655 629 650 658
ROUTE 8 643 647 649 648 654 630 550 589 576 615 574 570 609 201 162 84 356 317 182 239 278 103 473 183 108 147 102 222 181 141 220 180 219 186 225 145 106 184 223 511 470 509 392 277 355 238 471 472 510 394
ROUTE 9 433 393 431 316 432 236 314 315 237 354 496 457 459 537 498 414 417 495 378 415 493 337 259 460 499 538 376 454 532 297 258 534 456 336 453 264 303 342 381 492 375 531 301 420 418 379 340 262 535 353
ROUTE 10 276 275 235 274 430 391 508 313 469 352 447 525 443 404 326 518 521 482 516 322 283 361 477 478 517 438 399 282 439 400 243 321 360 365 287 248 486 440 408 252 291 401 369 330 479 419 461 263 449 410
ROUTE 11 293 527 422 500 302 380 497 341 266 197 305 344 157 118 196 213 128 167 131 206 79 135 383 96 80 513 158 488 254 435 371 396 357 240 279 332 318 474 159 199 160 144 105 142 198 120 119 81 121 123
ROUTE 12 82 98 215 613 176 137 110 188 227 149 146 185 224 107 92 174 89 91 129 130 208 90 207 168 93 132 169 170 209 285 536 539 458 245 284 362 323 402 441 403 442 444 405 244 483 522 288 249 520 480
ROUTE 13 481 366 327 519 363 246 324 364 286 166 205 88 127 165 204 247 325 210 171 126 87 594 600 555 561 639 637 636 633 598 559 597 558 596 557 560 599 564 614 595 556 635 638 54 52 51 48 53 50 12
ROUTE 14 13 14 15 11 18 3 10 29 6 4 9 2
Gebrauchte Zeit: 5998 ms fuer i159TSP9.vrp

OBJECTIVE:33314
ROUTE 1 45 464 13 136 15 30 31 457 21 22 23 19 58 128 416 406 385 413 125 126 20 405 404 55 52 54 455 38 50 462 60 46 51 27 53 29 418 24 417 137 129 408 138 386 392 407 135 391 433 145
ROUTE 2 153 134 378 143 401 127 130 402 59 428 459 56 28 25 57 26 460 43 434 62 273 214 90 211 118 490 212 93 310 341 279 217 429 92 306 308 309 91 431 340 274 425 269 424 131 254 410 261 276 262
ROUTE 3 149 398 409 394 152 400 397 150 155 277 151 375 376 278 251 148 432 147 384 139 154 144 146 142 393 399 396 260 270 264 420 271 430 426 255 370 215 294 324 311 312 371 314 330 303 88 248 494 317 289
ROUTE 4 328 337 295 256 265 419 412 411 380 381 132 388 389 257 296 319 288 202 287 71 70 79 318 326 327 78 282 241 186 124 81 239 237 80 184 283 292 185 284 238 307 366 205 66 75 64 236 63 201 290
ROUTE 5 286 232 240 218 210 235 69 72 199 230 231 203 189 229 219 188 223 73 222 369 114 196 113 94 228 221 111 227 108 367 109 194 195 233 234 180 226 110 225 102 101 357 473 474 358 183 350 182 181 179
ROUTE 6 174 173 170 169 158 167 159 164 165 163 166 168 161 162 160 157 171 172 156 177 176 175 178 349 351 348 352 353 345 343 355 346 344 477 354 347 356 359 342 361 475 476 469 468 478 479 472 364 363 360
ROUTE 7 224 481 482 368 95 105 103 100 220 483 491 362 365 467 466 470 471 193 104 106 480 484 97 487 98 107 74 204 99 485 291 190 486 96 198 488 489 493 492 187 200 116 112 68 115 197 192 191 65 121
ROUTE 8 76 120 77 117 207 119 208 209 67 496 83 85 86 244 82 243 304 245 242 305 87 302 281 325 338 316 336 335 313 299 332 329 323 315 301 246 247 333 297 322 334 122 331 89 321 213 372 285 293 495
ROUTE 9 84 280 206 123 320 300 298 427 216 339 415 422 421 272 266 263 414 379 268 267 423 250 249 395 252 253 259 258 390 377 275 403 374 373 387 382 383 141 140 133 48 16 17 450 442 451 8 443 9 40
ROUTE 10 12 441 11 437 7 10 39 444 41 32 436 3 453 463 452 14 456 4 47 18 461 465 49 458 2 454 449 5 448 34 6 33 35 44 438 446 440 42 36 445 447 61 37 439 435
Gebrauchte Zeit: 1748 ms fuer p264TSP3.vrp

OBJECTIVE:12658
ROUTE 1 93 156 126 163 86 131 268 83 174 157 181 277 177 184 72 122 198 158 234 165 270 167 274 279 95 205 202 162 164 204 127 91 90 203 240 50 276 59 243 56 207 193 45 55 57 47 46 48 190 226
ROUTE 2 66 192 246 51 42 54 67 64 44 65 236 272 278 242 206 245 200 61 210 68 52 53 63 23 39 24 16 8 10 18 11 29 14 13 15 33 40 26 31 32 28 27 6 9 58 12 7 19 20 21
ROUTE 3 22 17 43 201 30 209 25 169 36 151 166 227 152 35 98 175 159 120 263 102 132 223 211 87 34 118 225 123 97 111 216 172 130 79 129 117 94 73 109 84 128 103 124 74 259 281 212 77 80 96
ROUTE 4 88 115 112 82 101 81 100 114 116 139 125 75 119 138 99 62 121 104 137 136 134 161 187 76 168 113 140 89 135 148 273 160 147 176 110 260 288 146 186 258 38 222 142 254 70 244 106 178 182 218
ROUTE 5 183 71 253 2 69 108 144 105 143 255 179 219 256 3 107 4 180 220 141 217 233 280 269 145 283 149 261 171 173 133 224 189 237 85 247 5 257 264 287 221 60 78 214 286 250 262 282 249 284 49
ROUTE 6 248 285 194 150 208 197 185 231 213 215 37 199 252 41 188 191 228 271 235 195 251 241 266 229 238 265 275 239 267 230 232 170 196 92 155 153 154
Gebrauchte Zeit: 414 ms fuer p264TSP8.vrp

OBJECTIVE:1.51092e+06
ROUTE 1 124 31 94 32 95 123 47 165 79 166 231 96 55 245 192 122 59 118 58 112 188 246 39 33 237 48 17 16 180 181 182 119 56 191 250 116 249 57 115 185 114 37 170 51 38 101 171 236 100 120
ROUTE 2 52 235 184 53 54 190 186 254 121 251 189 187 252 50 113 183 248 247 253 49 110 193 230 60 197 132 195 130 131 194 129 196 133 198 2 135 200 134 203 222 221 157 24 87 199 88 224 25 89 163
ROUTE 3 93 30 23 159 225 86 27 227 202 137 22 4 3 136 201 90 158 5 220 29 156 155 62 243 63 125 126 168 36 45 240 233 242 42 177 105 241 175 68 232 234 66 67 69 108 104 43 106 44 176
ROUTE 4 128 65 127 64 107 169 178 35 167 98 97 99 92 28 207 143 11 208 218 154 209 161 152 82 19 210 109 40 12 160 75 145 41 174 216 162 91 84 217 20 138 83 153 144 139 140 70 141 142 8
ROUTE 5 219 71 72 74 6 10 73 34 7 9 205 206 204 85 21 226 239 151 81 13 103 238 173 18 76 26 150 179 172 148 146 46 211 117 147 215 14 111 102 77 149 15 244 214 80 78 212 213 228 164
ROUTE 6 223 229 61
Gebrauchte Zeit: 250 ms fuer v41TSP0.vrp

OBJECTIVE:2.01186e+07
ROUTE 1 5 4 3 178 179 180 176 227 392 474 473 475 476 478 480 479 471 177 2 391 395 394 393 442 363 364 362 351 355 354 353 390 389 388 386 373 374 371 375 377 483 484 485 379 378 481 380 376 482 326
ROUTE 2 328 330 329 472 226 228 229 230 477 62 61 65 64 63 327 411 415 414 413 412 553 554 431 435 434 433 551 555 428 430 429 426 527 302 383 384 385 381 368 370 369 303 301 281 282 283 284 193 285 305
ROUTE 3 304 194 195 191 366 367 487 491 492 506 488 489 490 486 510 509 508 507 511 495 493 494 497 515 514 513 512 496 500 504 501 505 502 503 499 498 516 520 519 518 543 544 545 541 550 546 549 548 547 517
ROUTE 4 542 538 539 533 540 534 535 536 537 531 523 524 525 521 257 67 108 109 110 107 114 111 115 113 106 117 118 119 120 105 104 103 101 116 68 39 38 628 629 630 632 626 37 47 36 40 66 70 69 522
ROUTE 5 102 112 96 100 99 98 88 86 90 89 97 87 256 260 259 258 427 646 650 649 648 576 580 579 578 577 571 575 647 562 574 573 557 565 564 561 563 558 559 556 560 572 581 585 582 583 569 584 570 568
ROUTE 6 566 567 382 459 458 457 460 456 461 462 464 463 192 465 432 552 452 453 454 451 455 202 446 447 450 449 448 203 204 323 324 325 387 612 613 614 608 609 607 601 605 604 603 402 599 598 597 600 594 593
ROUTE 7 591 595 587 586 590 588 589 596 656 660 659 658 657 183 184 185 322 602 615 610 611 606 157 57 52 372 321 592 662 152 663 664 665 661 209 343 342 344 208 210 206 345 341 333 205 201 332 334 335 331
ROUTE 8 207 653 655 654 651 307 652 308 318 319 309 310 320 316 198 199 298 299 300 317 297 186 187 190 189 188 296 196 200 197 286 290 289 288 287 306 181 293 294 295 291 182 313 314 315 311 292 267 140 139
ROUTE 9 312 347 346 348 349 350 337 356 272 339 338 340 336 122 131 130 126 129 134 135 136 271 275 274 273 360 359 358 138 92 357 246 250 249 133 352 123 124 125 121 127 128 132 248 247 81 95 94 93 77
ROUTE 10 91 82 85 84 83 270 269 268 266 165 161 164 163 162 137 156 160 159 158 167 168 169 170 166 242 51 54 53 55 80 78 79 76 408 409 410 406 417 407 148 149 150 146 396 400 399 437 421 425 424
ROUTE 11 423 418 398 419 420 416 436 422 32 35 34 33 397 31 27 30 265 264 263 276 280 279 278 277 262 261 26 29 28 241 252 245 244 243 440 439 438 142 14 71 15 11 75 13 74 73 143 144 145 141
ROUTE 12 401 405 403 404 365 361 147 217 218 467 468 469 470 466 231 235 232 233 234 221 223 224 225 171 172 175 173 174 213 212 214 215 211 220 219 216 237 238 240 239 236 222 42 17 16 20 18 19 43 44
ROUTE 13 45 41 640 636 642 639 638 22 637 58 59 624 623 621 625 7 60 56 253 254 251 255 443 9 10 12 6 72 441 444 445 616 618 619 620 21 25 24 23 8 622 617 634 633 635 631 627 641 643 644
ROUTE 14 645 532 526 530 48 49 50 46 151 155 154 153 529 528
Gebrauchte Zeit: 5023 ms fuer v679TSP18.vrp

OBJECTIVE:3.247e+06
ROUTE 1 149 148 150 147 151 144 145 146 143 142 126 127 128 125 129 124 123 130 131 122 121 120 119 116 115 114 117 118 113 112 108 109 110 111 107 106 105 104 103 102 14 12 17 11 18 19 21 20 16 13
ROUTE 2 15 187 188 189 190 24 25 26 27 28 32 31 29 30 39 38 37 36 35 34 33 40 41 23 22 96 98 97 95 99 94 93 92 100 101 186 185 184 10 9 7 8 6 5 4 183 91 90 89 88
ROUTE 3 87 86 85 84 82 83 199 45 44 51 61 60 59 58 56 57 55 62 67 66 63 75 74 73 72 77 76 78 197 196 195 165 164 161 162 171 170 168 169 167 177 176 175 174 178 173 172 179 180 181
ROUTE 4 182 163 198 79 80 81 64 65 71 70 166 69 68 194 193 192 191 54 52 53 50 49 48 46 47 43 42 200 201 202 3 2 132 133 134 136 135 137 138 140 139 141 210 209 208 207 206 205 203 204
ROUTE 5 211 214 213 212 152 153 156 157 158 154 155 159 160
Gebrauchte Zeit: 152 ms fuer v679TSP2.vrp

OBJECTIVE:7.78272e+06
ROUTE 1 304 299 300 316 303 320 302 301 319 363 317 318 368 367 366 365 364 271 233 252 351 256 255 254 241 81 80 232 251 257 79 258 250 78 261 262 263 264 352 347 265 272 266 234 348 350 253 349 235 267
ROUTE 2 270 268 269 236 237 238 239 240 2 4 5 3 6 7 8 9 10 11 14 12 13 16 15 33 17 18 19 32 31 30 29 28 27 26 25 20 21 22 23 24 117 125 126 128 116 124 119 120 118 121
ROUTE 3 122 123 88 89 90 92 91 225 221 218 219 220 204 205 203 202 191 199 200 201 210 211 212 213 214 215 216 217 222 223 224 185 184 183 188 187 186 189 190 209 207 208 206 182 192 198 193 197 181 196
ROUTE 4 195 194 180 179 178 93 94 95 87 86 85 96 84 83 97 82 114 115 127 129 108 112 111 110 109 113 107 106 105 98 177 99 176 175 100 104 103 102 101 174 173 171 172 170 162 163 164 165 166 167
ROUTE 5 146 168 136 132 169 131 130 161 145 144 143 160 139 142 141 140 158 159 138 137 135 134 133 147 148 151 149 150 152 153 154 157 155 156 502 503 244 243 242 63 61 62 228 227 226 229 230 231 259 260
ROUTE 6 249 44 76 77 346 273 353 354 289 282 313 297 281 312 296 274 308 309 310 295 294 293 292 277 276 458 457 456 455 459 460 462 461 463 466 464 465 473 474 471 472 470 518 512 519 520 521 522 508 509
ROUTE 7 510 511 469 475 467 468 476 477 478 479 480 481 482 484 483 485 486 487 489 490 488 491 492 494 493 497 495 496 500 501 504 499 498 505 506 507 523 524 525 526 517 514 513 536 535 534 532 533 531 530
ROUTE 8 539 538 537 515 516 527 528 541 540 543 542 529 544 545 546 547 582 565 581 566 564 567 568 563 562 580 579 570 569 571 578 583 548 549 584 550 585 576 551 577 575 552 572 573 574 561 592 586 554 588
ROUTE 9 589 559 558 557 556 590 555 587 591 560 553 381 382 380 593 397 396 379 383 398 399 384 395 394 378 594 400 602 609 626 618 708 625 608 603 604 619 624 628 627 634 641 711 675 681 674 673 682 666 651
ROUTE 10 683 667 654 672 712 632 630 633 629 640 426 620 607 605 621 606 427 622 428 415 414 715 716 717 718 703 446 445 444 721 438 443 690 699 692 691 722 723 724 736 725 726 730 731 728 727 729 369 732 735
ROUTE 11 733 734 693 694 697 695 698 696 700 439 440 441 405 437 442 436 720 404 435 702 701 447 719 704 448 714 705 449 713 434 637 412 413 429 430 431 416 432 417 623 707 433 706 411 636 638 410 635 639 631
ROUTE 12 671 670 669 402 409 408 407 406 686 687 688 689 403 668 685 684 652 653 655 650 656 657 649 658 659 660 661 662 663 664 647 646 648 665 679 645 678 677 644 676 680 643 710 642 709 401 425 418 601 610
ROUTE 13 611 600 596 595 419 424 617 613 616 615 614 421 422 423 420 385 597 599 612 598 377 393 386 387 388 389 390 391 392 376 375 374 373 372 371 370 450 451 452 453 454 278 291 275 279 280 311 307 50 340
ROUTE 14 339 39 343 38 341 342 51 53 52 54 68 69 70 55 37 71 72 67 56 73 36 57 35 66 40 344 41 338 49 290 323 48 306 47 42 74 58 65 345 34 245 246 59 247 64 60 248 43 45 75
ROUTE 15 46 324 322 325 298 305 321 286 287 285 314 288 283 355 356 357 359 327 358 328 284 326 360 361 329 330 331 332 333 334 335 336 337 315 362
Gebrauchte Zeit: 6587 ms fuer v679TSP6.vrp